colsample_bytree: 0.7713243698688941
eval_metric: logloss
gamma: 2.163728311841737
learning_rate: 0.2209366597863784
max_depth: 3
n_estimators: 393
n_jobs: -1
objective: binary:logistic
random_state: 42
reg_alpha: 0
reg_lambda: 1
scale_pos_weight: 1.2924269653109597
subsample: 0.8351679929986842
tree_method: hist
