colsample_bytree: 0.8033618159437714
eval_metric: logloss
gamma: 0.07729897236100064
learning_rate: 0.05185362385821343
max_depth: 8
n_estimators: 330
n_jobs: -1
objective: binary:logistic
random_state: 42
reg_alpha: 0
reg_lambda: 1
scale_pos_weight: 1.3727432409218983
subsample: 0.8461673888275426
tree_method: hist
