colsample_bytree: 0.7040377991554649
eval_metric: logloss
gamma: 1.3409055869538657
learning_rate: 0.011903928877789495
max_depth: 4
n_estimators: 856
n_jobs: -1
objective: binary:logistic
random_state: 42
reg_alpha: 0
reg_lambda: 1
scale_pos_weight: 1.3455285295173072
subsample: 0.9596459833709765
tree_method: hist
