colsample_bytree: 0.6580815237623343
eval_metric: logloss
gamma: 4.0371098218036465
learning_rate: 0.04434712658993005
max_depth: 6
n_estimators: 510
n_jobs: -1
objective: binary:logistic
random_state: 42
reg_alpha: 0
reg_lambda: 1
scale_pos_weight: 1.2853230604529975
subsample: 0.6721094291487331
tree_method: hist
